{
 "cells": [
  {
   "cell_type": "code",
   "execution_count": 1,
   "id": "70f51663-d035-4764-bdae-a098e8fdc5f9",
   "metadata": {},
   "outputs": [],
   "source": [
    "import sys\n",
    "sys.path.append('..')"
   ]
  },
  {
   "cell_type": "code",
   "execution_count": 2,
   "id": "d0793c3d-60c5-404f-ba6d-cb85209ec062",
   "metadata": {},
   "outputs": [
    {
     "name": "stdout",
     "output_type": "stream",
     "text": [
      "Fetching market data...\n"
     ]
    },
    {
     "name": "stderr",
     "output_type": "stream",
     "text": [
      "[*********************100%***********************]  8 of 8 completed"
     ]
    },
    {
     "name": "stdout",
     "output_type": "stream",
     "text": [
      "Runnin topological pipeline...\n",
      "\n",
      "--- Subdominant Ultrametric Matrix ___\n"
     ]
    },
    {
     "name": "stderr",
     "output_type": "stream",
     "text": [
      "\n"
     ]
    },
    {
     "data": {
      "text/html": [
       "<div>\n",
       "<style scoped>\n",
       "    .dataframe tbody tr th:only-of-type {\n",
       "        vertical-align: middle;\n",
       "    }\n",
       "\n",
       "    .dataframe tbody tr th {\n",
       "        vertical-align: top;\n",
       "    }\n",
       "\n",
       "    .dataframe thead th {\n",
       "        text-align: right;\n",
       "    }\n",
       "</style>\n",
       "<table border=\"1\" class=\"dataframe\">\n",
       "  <thead>\n",
       "    <tr style=\"text-align: right;\">\n",
       "      <th></th>\n",
       "      <th>AAPL</th>\n",
       "      <th>MSFT</th>\n",
       "      <th>XOM</th>\n",
       "      <th>CVX</th>\n",
       "      <th>JPM</th>\n",
       "      <th>GS</th>\n",
       "      <th>JNJ</th>\n",
       "      <th>PFE</th>\n",
       "    </tr>\n",
       "  </thead>\n",
       "  <tbody>\n",
       "    <tr>\n",
       "      <th>AAPL</th>\n",
       "      <td>0.000</td>\n",
       "      <td>1.128</td>\n",
       "      <td>1.005</td>\n",
       "      <td>1.190</td>\n",
       "      <td>1.005</td>\n",
       "      <td>0.720</td>\n",
       "      <td>1.190</td>\n",
       "      <td>1.128</td>\n",
       "    </tr>\n",
       "    <tr>\n",
       "      <th>MSFT</th>\n",
       "      <td>1.128</td>\n",
       "      <td>0.000</td>\n",
       "      <td>1.128</td>\n",
       "      <td>1.190</td>\n",
       "      <td>1.128</td>\n",
       "      <td>1.128</td>\n",
       "      <td>1.190</td>\n",
       "      <td>0.516</td>\n",
       "    </tr>\n",
       "    <tr>\n",
       "      <th>XOM</th>\n",
       "      <td>1.005</td>\n",
       "      <td>1.128</td>\n",
       "      <td>0.000</td>\n",
       "      <td>1.190</td>\n",
       "      <td>0.727</td>\n",
       "      <td>1.005</td>\n",
       "      <td>1.190</td>\n",
       "      <td>1.128</td>\n",
       "    </tr>\n",
       "    <tr>\n",
       "      <th>CVX</th>\n",
       "      <td>1.190</td>\n",
       "      <td>1.190</td>\n",
       "      <td>1.190</td>\n",
       "      <td>0.000</td>\n",
       "      <td>1.190</td>\n",
       "      <td>1.190</td>\n",
       "      <td>1.042</td>\n",
       "      <td>1.190</td>\n",
       "    </tr>\n",
       "    <tr>\n",
       "      <th>JPM</th>\n",
       "      <td>1.005</td>\n",
       "      <td>1.128</td>\n",
       "      <td>0.727</td>\n",
       "      <td>1.190</td>\n",
       "      <td>0.000</td>\n",
       "      <td>1.005</td>\n",
       "      <td>1.190</td>\n",
       "      <td>1.128</td>\n",
       "    </tr>\n",
       "    <tr>\n",
       "      <th>GS</th>\n",
       "      <td>0.720</td>\n",
       "      <td>1.128</td>\n",
       "      <td>1.005</td>\n",
       "      <td>1.190</td>\n",
       "      <td>1.005</td>\n",
       "      <td>0.000</td>\n",
       "      <td>1.190</td>\n",
       "      <td>1.128</td>\n",
       "    </tr>\n",
       "    <tr>\n",
       "      <th>JNJ</th>\n",
       "      <td>1.190</td>\n",
       "      <td>1.190</td>\n",
       "      <td>1.190</td>\n",
       "      <td>1.042</td>\n",
       "      <td>1.190</td>\n",
       "      <td>1.190</td>\n",
       "      <td>0.000</td>\n",
       "      <td>1.190</td>\n",
       "    </tr>\n",
       "    <tr>\n",
       "      <th>PFE</th>\n",
       "      <td>1.128</td>\n",
       "      <td>0.516</td>\n",
       "      <td>1.128</td>\n",
       "      <td>1.190</td>\n",
       "      <td>1.128</td>\n",
       "      <td>1.128</td>\n",
       "      <td>1.190</td>\n",
       "      <td>0.000</td>\n",
       "    </tr>\n",
       "  </tbody>\n",
       "</table>\n",
       "</div>"
      ],
      "text/plain": [
       "       AAPL   MSFT    XOM    CVX    JPM     GS    JNJ    PFE\n",
       "AAPL  0.000  1.128  1.005  1.190  1.005  0.720  1.190  1.128\n",
       "MSFT  1.128  0.000  1.128  1.190  1.128  1.128  1.190  0.516\n",
       "XOM   1.005  1.128  0.000  1.190  0.727  1.005  1.190  1.128\n",
       "CVX   1.190  1.190  1.190  0.000  1.190  1.190  1.042  1.190\n",
       "JPM   1.005  1.128  0.727  1.190  0.000  1.005  1.190  1.128\n",
       "GS    0.720  1.128  1.005  1.190  1.005  0.000  1.190  1.128\n",
       "JNJ   1.190  1.190  1.190  1.042  1.190  1.190  0.000  1.190\n",
       "PFE   1.128  0.516  1.128  1.190  1.128  1.128  1.190  0.000"
      ]
     },
     "metadata": {},
     "output_type": "display_data"
    }
   ],
   "source": [
    "import yfinance as yf\n",
    "import pandas as pd\n",
    "import numpy as np\n",
    "\n",
    "# 1. import topological tool set\n",
    "from padic_portfolio.topology.metric import correlation_to_distance, compute_mst, extract_ultrametric\n",
    "\n",
    "#2. define mini-universe of stocks\n",
    "tickers = ['AAPL', 'MSFT', 'XOM', 'CVX', 'JPM', 'GS', 'JNJ', 'PFE']\n",
    "\n",
    "#3. download historical data (2 years worth)\n",
    "print(\"Fetching market data...\")\n",
    "data = yf.download(tickers, start=\"2022-01-01\", end=\"2024-01-01\")['Close']\n",
    "\n",
    "#4. calculate daily returns + correlation matrix\n",
    "# drop first row b/c the first day has no \"previous\" day to calculate return from\n",
    "returns = data.pct_change().dropna()\n",
    "correlation_matrix = returns.corr()\n",
    "\n",
    "#5. run topological pipeline\n",
    "print(\"Runnin topological pipeline...\")\n",
    "dist_df = correlation_to_distance(correlation_matrix)\n",
    "mst_matrix = compute_mst(dist_df)\n",
    "ultrametric_df = extract_ultrametric(mst_matrix, labels=tickers)\n",
    "\n",
    "#6. display p-adic skeleton\n",
    "print(\"\\n--- Subdominant Ultrametric Matrix ___\")\n",
    "display(ultrametric_df.round(3))"
   ]
  },
  {
   "cell_type": "code",
   "execution_count": 3,
   "id": "0b5a3a76-5d24-4a1b-b8cb-be2fd7a157e5",
   "metadata": {},
   "outputs": [
    {
     "name": "stdout",
     "output_type": "stream",
     "text": [
      "--- Final p-Adic Portfolio Weights ---\n"
     ]
    },
    {
     "data": {
      "text/plain": [
       "CVX     34.13%\n",
       "JNJ     15.85%\n",
       "JPM      9.63%\n",
       "MSFT     9.25%\n",
       "XOM       8.8%\n",
       "PFE       8.1%\n",
       "AAPL     7.51%\n",
       "GS       6.73%\n",
       "dtype: object"
      ]
     },
     "metadata": {},
     "output_type": "display_data"
    }
   ],
   "source": [
    "from padic_portfolio.allocation.hrp import allocate_hrp\n",
    "\n",
    "#run allocator using p-adic tree\n",
    "final_weights = allocate_hrp(ultrametric_df, returns)\n",
    "\n",
    "print(\"--- Final p-Adic Portfolio Weights ---\")\n",
    "display((final_weights * 100).round(2).astype(str) + '%')"
   ]
  },
  {
   "cell_type": "code",
   "execution_count": null,
   "id": "509d05c9-ea22-4a2b-a2d2-d4872873fb9b",
   "metadata": {},
   "outputs": [],
   "source": []
  }
 ],
 "metadata": {
  "kernelspec": {
   "display_name": "Python 3 (ipykernel)",
   "language": "python",
   "name": "python3"
  },
  "language_info": {
   "codemirror_mode": {
    "name": "ipython",
    "version": 3
   },
   "file_extension": ".py",
   "mimetype": "text/x-python",
   "name": "python",
   "nbconvert_exporter": "python",
   "pygments_lexer": "ipython3",
   "version": "3.10.20"
  }
 },
 "nbformat": 4,
 "nbformat_minor": 5
}
